ready_pose:
  joints:
    joint_lift: 0.7849178353

    joint_arm_l0: 0.0184358425
    joint_arm_l1: 0.0184358425
    joint_arm_l2: 0.0184358425
    joint_arm_l3: 0.0184358425

    joint_wrist_yaw: 0.0012783173
    joint_wrist_pitch: -0.2086213872
    joint_wrist_roll: 0.0

    joint_head_pan: -1.5016462077
    joint_head_tilt: -0.3294661775

    joint_gripper_finger_left: 0.2767594911
  
